<?xml version="1.0"?>
<opencv_storage>
<calibrationDate>"Sat Jul 21 12:36:14 2018"</calibrationDate>
<framesCount>29</framesCount>
<cameraResolution>
  1280 720</cameraResolution>
<cameraMatrix type_id="opencv-matrix">
  <rows>3</rows>
  <cols>3</cols>
  <dt>d</dt>
  <data>
    4.5738553951514280e+02 0. 5.8865769667078007e+02 0.
    4.5738553951514280e+02 3.8343314832801730e+02 0. 0. 1.</data></cameraMatrix>
<cameraMatrix_std_dev type_id="opencv-matrix">
  <rows>4</rows>
  <cols>1</cols>
  <dt>d</dt>
  <data>
    0. 4.4089393224957885e+00 1.1132426671739297e+00
    1.3013982264804549e+00</data></cameraMatrix_std_dev>
<dist_coeffs type_id="opencv-matrix">
  <rows>1</rows>
  <cols>5</cols>
  <dt>d</dt>
  <data>
    1.2751346905024519e-02 -3.5700001632611209e-02 0. 0.
    6.0137463426539828e-03</data></dist_coeffs>
<dist_coeffs_std_dev type_id="opencv-matrix">
  <rows>5</rows>
  <cols>1</cols>
  <dt>d</dt>
  <data>
    2.4575513808653246e-03 2.2652715894975906e-03 0. 0.
    4.9245838729412481e-04</data></dist_coeffs_std_dev>
<avg_reprojection_error>4.8294777999907895e-01</avg_reprojection_error>
</opencv_storage>
